1 1 26
1 2 39
1 3 71
1 4 55
1 5 88
1 6 39
1 7 71
1 8 40
1 9 39
1 10 35
1 11 58
1 12 81
1 13 77
1 14 62
1 15 59
1 16 80
1 17 9
1 18 22
1 19 66
1 20 56
1 21 85
1 22 63
1 23 13
1 24 89
1 25 30
1 26 62
1 27 42
1 28 27
1 29 77
1 30 17
2 1 39
2 2 26
2 3 55
2 4 26
2 5 50
2 6 31
2 7 64
2 8 16
2 9 47
2 10 41
2 11 24
2 12 57
2 13 45
2 14 23
2 15 45
2 16 41
2 17 46
2 18 16
2 19 55
2 20 30
2 21 56
2 22 32
2 23 39
2 24 50
2 25 23
2 26 30
2 27 25
2 28 29
2 29 57
2 30 54
3 1 71
3 2 55
3 3 26
3 4 78
3 5 80
3 6 85
3 7 18
3 8 70
3 9 40
3 10 40
3 11 72
3 12 108
3 13 31
3 14 57
3 15 100
3 16 59
3 17 71
3 18 60
3 19 109
3 20 25
3 21 103
3 22 81
3 23 61
3 24 71
3 25 75
3 26 32
3 27 32
3 28 44
3 29 110
3 30 87
4 1 55
4 2 26
4 3 78
4 4 26
4 5 39
4 6 23
4 7 89
4 8 15
4 9 73
4 10 66
4 11 9
4 12 31
4 13 60
4 14 26
4 15 24
4 16 42
4 17 63
4 18 35
4 19 33
4 20 53
4 21 31
4 22 8
4 23 60
4 24 45
4 25 26
4 26 48
4 27 51
4 28 54
4 29 32
4 30 65
5 1 88
5 2 50
5 3 80
5 4 39
5 5 26
5 6 62
5 7 96
5 8 50
5 9 93
5 10 87
5 11 32
5 12 46
5 13 50
5 14 28
5 15 58
5 16 21
5 17 96
5 18 66
5 19 64
5 20 59
5 21 34
5 22 32
5 23 90
5 24 12
5 25 63
5 26 48
5 27 66
5 28 78
5 29 52
5 30 101
6 1 39
6 2 31
6 3 85
6 4 23
6 5 62
6 6 26
6 7 92
6 8 16
6 9 68
6 10 62
6 11 30
6 12 42
6 13 74
6 14 44
6 15 21
6 16 62
6 17 48
6 18 28
6 19 29
6 20 61
6 21 48
6 22 30
6 23 48
6 24 67
6 25 11
6 26 60
6 27 54
6 28 49
6 29 39
6 30 46
7 1 71
7 2 64
7 3 18
7 4 89
7 5 96
7 6 92
7 7 26
7 8 79
7 9 33
7 10 36
7 11 84
7 12 120
7 13 49
7 14 72
7 15 109
7 16 76
7 17 68
7 18 65
7 19 118
7 20 38
7 21 116
7 22 94
7 23 58
7 24 88
7 25 81
7 26 48
7 27 38
7 28 45
7 29 121
7 30 85
8 1 40
8 2 16
8 3 70
8 4 15
8 5 50
8 6 16
8 7 79
8 8 26
8 9 60
8 10 53
8 11 18
8 12 44
8 13 58
8 14 29
8 15 30
8 16 48
8 17 48
8 18 20
8 19 39
8 20 46
8 21 46
8 22 23
8 23 45
8 24 54
8 25 13
8 26 44
8 27 41
8 28 41
8 29 44
8 30 51
9 1 39
9 2 47
9 3 40
9 4 73
9 5 93
9 6 68
9 7 33
9 8 60
9 9 26
9 10 7
9 11 71
9 12 104
9 13 60
9 14 65
9 15 88
9 16 77
9 17 35
9 18 41
9 19 97
9 20 39
9 21 104
9 22 80
9 23 26
9 24 89
9 25 57
9 26 49
9 27 27
9 28 19
9 29 103
9 30 52
10 1 35
10 2 41
10 3 40
10 4 66
10 5 87
10 6 62
10 7 36
10 8 53
10 9 7
10 10 26
10 11 64
10 12 97
10 13 56
10 14 59
10 15 81
10 16 72
10 17 32
10 18 34
10 19 90
10 20 34
10 21 97
10 22 73
10 23 22
10 24 83
10 25 51
10 26 45
10 27 22
10 28 12
10 29 96
10 30 49
11 1 58
11 2 24
11 3 72
11 4 9
11 5 32
11 6 30
11 7 84
11 8 18
11 9 71
11 10 64
11 11 26
11 12 36
11 13 52
11 14 17
11 15 33
11 16 33
11 17 66
11 18 36
11 19 42
11 20 47
11 21 33
11 22 10
11 23 61
11 24 37
11 25 31
11 26 41
11 27 47
11 28 53
11 29 38
11 30 70
12 1 81
12 2 57
12 3 108
12 4 31
12 5 46
12 6 42
12 7 120
12 8 44
12 9 104
12 10 97
12 11 36
12 12 26
12 13 85
12 14 51
12 15 24
12 16 60
12 17 90
12 18 65
12 19 23
12 20 83
12 21 13
12 22 26
12 23 89
12 24 57
12 25 51
12 26 76
12 27 82
12 28 85
12 29 7
12 30 87
13 1 77
13 2 45
13 3 31
13 4 60
13 5 50
13 6 74
13 7 49
13 8 58
13 9 60
13 10 56
13 11 52
13 12 85
13 13 26
13 14 35
13 15 84
13 16 29
13 17 80
13 18 58
13 19 93
13 20 22
13 21 78
13 22 61
13 23 70
13 24 40
13 25 68
13 26 15
13 27 36
13 28 53
13 29 89
13 30 93
14 1 62
14 2 23
14 3 57
14 4 26
14 5 28
14 6 44
14 7 72
14 8 29
14 9 65
14 10 59
14 11 17
14 12 51
14 13 35
14 14 26
14 15 50
14 16 19
14 17 69
14 18 40
14 19 59
14 20 34
14 21 45
14 22 26
14 23 62
14 24 27
14 25 41
14 26 25
14 27 38
14 28 49
14 29 55
14 30 77
15 1 59
15 2 45
15 3 100
15 4 24
15 5 58
15 6 21
15 7 109
15 8 30
15 9 88
15 10 81
15 11 33
15 12 24
15 13 84
15 14 50
15 15 26
15 16 65
15 17 68
15 18 47
15 19 9
15 20 75
15 21 34
15 22 26
15 23 69
15 24 66
15 25 31
15 26 72
15 27 71
15 28 69
15 29 19
15 30 64
16 1 80
16 2 41
16 3 59
16 4 42
16 5 21
16 6 62
16 7 76
16 8 48
16 9 77
16 10 72
16 11 33
16 12 60
16 13 29
16 14 19
16 15 65
16 16 26
16 17 86
16 18 57
16 19 73
16 20 40
16 21 51
16 22 39
16 23 78
16 24 12
16 25 60
16 26 29
16 27 50
16 28 64
16 29 65
16 30 95
17 1 9
17 2 46
17 3 71
17 4 63
17 5 96
17 6 48
17 7 68
17 8 48
17 9 35
17 10 32
17 11 66
17 12 90
17 13 80
17 14 69
17 15 68
17 16 86
17 17 26
17 18 30
17 19 76
17 20 59
17 21 94
17 22 71
17 23 10
17 24 96
17 25 39
17 26 66
17 27 44
17 28 28
17 29 87
17 30 17
18 1 22
18 2 16
18 3 60
18 4 35
18 5 66
18 6 28
18 7 65
18 8 20
18 9 41
18 10 34
18 11 36
18 12 65
18 13 58
18 14 40
18 15 47
18 16 57
18 17 30
18 18 26
18 19 56
18 20 39
18 21 67
18 22 43
18 23 25
18 24 67
18 25 17
18 26 43
18 27 28
18 28 22
18 29 63
18 30 37
19 1 66
19 2 55
19 3 109
19 4 33
19 5 64
19 6 29
19 7 118
19 8 39
19 9 97
19 10 90
19 11 42
19 12 23
19 13 93
19 14 59
19 15 9
19 16 73
19 17 76
19 18 56
19 19 26
19 20 85
19 21 35
19 22 34
19 23 77
19 24 73
19 25 39
19 26 81
19 27 80
19 28 78
19 29 17
19 30 70
20 1 56
20 2 30
20 3 25
20 4 53
20 5 59
20 6 61
20 7 38
20 8 46
20 9 39
20 10 34
20 11 47
20 12 83
20 13 22
20 14 34
20 15 75
20 16 40
20 17 59
20 18 39
20 19 85
20 20 26
20 21 78
20 22 57
20 23 49
20 24 52
20 25 52
20 26 11
20 27 14
20 28 31
20 29 85
20 30 72
21 1 85
21 2 56
21 3 103
21 4 31
21 5 34
21 6 48
21 7 116
21 8 46
21 9 104
21 10 97
21 11 33
21 12 13
21 13 78
21 14 45
21 15 34
21 16 51
21 17 94
21 18 67
21 19 35
21 20 78
21 21 26
21 22 24
21 23 91
21 24 46
21 25 55
21 26 71
21 27 80
21 28 85
21 29 20
21 30 94
22 1 63
22 2 32
22 3 81
22 4 8
22 5 32
22 6 30
22 7 94
22 8 23
22 9 80
22 10 73
22 11 10
22 12 26
22 13 61
22 14 26
22 15 26
22 16 39
22 17 71
22 18 43
22 19 34
22 20 57
22 21 24
22 22 26
22 23 68
22 24 40
22 25 34
22 26 50
22 27 57
22 28 61
22 29 29
22 30 73
23 1 13
23 2 39
23 3 61
23 4 60
23 5 90
23 6 48
23 7 58
23 8 45
23 9 26
23 10 22
23 11 61
23 12 89
23 13 70
23 14 62
23 15 69
23 16 78
23 17 10
23 18 25
23 19 77
23 20 49
23 21 91
23 22 68
23 23 26
23 24 89
23 25 38
23 26 57
23 27 34
23 28 17
23 29 86
23 30 27
24 1 89
24 2 50
24 3 71
24 4 45
24 5 12
24 6 67
24 7 88
24 8 54
24 9 89
24 10 83
24 11 37
24 12 57
24 13 40
24 14 27
24 15 66
24 16 12
24 17 96
24 18 67
24 19 73
24 20 52
24 21 46
24 22 40
24 23 89
24 24 26
24 25 67
24 26 41
24 27 62
24 28 75
24 29 63
24 30 103
25 1 30
25 2 23
25 3 75
25 4 26
25 5 63
25 6 11
25 7 81
25 8 13
25 9 57
25 10 51
25 11 31
25 12 51
25 13 68
25 14 41
25 15 31
25 16 60
25 17 39
25 18 17
25 19 39
25 20 52
25 21 55
25 22 34
25 23 38
25 24 67
25 25 26
25 26 53
25 27 44
25 28 39
25 29 48
25 30 40
26 1 62
26 2 30
26 3 32
26 4 48
26 5 48
26 6 60
26 7 48
26 8 44
26 9 49
26 10 45
26 11 41
26 12 76
26 13 15
26 14 25
26 15 72
26 16 29
26 17 66
26 18 43
26 19 81
26 20 11
26 21 71
26 22 50
26 23 57
26 24 41
26 25 53
26 26 26
26 27 23
26 28 40
26 29 79
26 30 79
27 1 42
27 2 25
27 3 32
27 4 51
27 5 66
27 6 54
27 7 38
27 8 41
27 9 27
27 10 22
27 11 47
27 12 82
27 13 36
27 14 38
27 15 71
27 16 50
27 17 44
27 18 28
27 19 80
27 20 14
27 21 80
27 22 57
27 23 34
27 24 62
27 25 44
27 26 23
27 27 26
27 28 17
27 29 83
27 30 59
28 1 27
28 2 29
28 3 44
28 4 54
28 5 78
28 6 49
28 7 45
28 8 41
28 9 19
28 10 12
28 11 53
28 12 85
28 13 53
28 14 49
28 15 69
28 16 64
28 17 28
28 18 22
28 19 78
28 20 31
28 21 85
28 22 61
28 23 17
28 24 75
28 25 39
28 26 40
28 27 17
28 28 26
28 29 84
28 30 43
29 1 77
29 2 57
29 3 110
29 4 32
29 5 52
29 6 39
29 7 121
29 8 44
29 9 103
29 10 96
29 11 38
29 12 7
29 13 89
29 14 55
29 15 19
29 16 65
29 17 87
29 18 63
29 19 17
29 20 85
29 21 20
29 22 29
29 23 86
29 24 63
29 25 48
29 26 79
29 27 83
29 28 84
29 29 26
29 30 83
30 1 17
30 2 54
30 3 87
30 4 65
30 5 101
30 6 46
30 7 85
30 8 51
30 9 52
30 10 49
30 11 70
30 12 87
30 13 93
30 14 77
30 15 64
30 16 95
30 17 17
30 18 37
30 19 70
30 20 72
30 21 94
30 22 73
30 23 27
30 24 103
30 25 40
30 26 79
30 27 59
30 28 43
30 29 83
30 30 26
